8 0.180078 0.056445 0.028125 0.012109
8 0.057324 0.241211 0.007617 0.014063
8 0.486133 0.993848 0.045312 0.011914
0 0.362402 0.761426 0.039258 0.037305
0 0.991992 0.239746 0.008203 0.006836
0 0.619336 0.644043 0.008984 0.008008
0 0.363281 0.632227 0.009766 0.008203
0 0.982227 0.233105 0.007812 0.006445
0 0.915332 0.311621 0.010352 0.010742
0 0.973437 0.171094 0.018750 0.013672
0 0.033398 0.258105 0.009766 0.009961
0 0.530078 0.882422 0.016406 0.014453
8 0.177051 0.135449 0.025195 0.009961
8 0.186523 0.221777 0.019922 0.008789
0 0.341016 0.943359 0.019922 0.017578
37 0.505664 0.323828 0.020313 0.018750
0 0.718359 0.958398 0.019531 0.016797
0 0.976562 0.127344 0.018750 0.014453
0 0.412988 0.875488 0.016602 0.015430
0 0.529199 0.907031 0.018555 0.016016
10 0.895605 0.511328 0.016211 0.026172
0 0.674414 0.955371 0.020703 0.017383
0 0.215430 0.935547 0.019141 0.016406
0 0.258984 0.937598 0.020313 0.018164
11 0.240039 0.574121 0.025000 0.027539
11 0.252637 0.545117 0.030273 0.034375
0 0.611426 0.773730 0.039258 0.036914
0 0.972266 0.206152 0.020703 0.018945
0 0.978906 0.091504 0.022656 0.018945
0 0.976367 0.021973 0.015234 0.012305
10 0.926562 0.488574 0.016406 0.029883
0 0.340234 0.605176 0.009375 0.008398
0 0.388477 0.657324 0.009375 0.007617
0 0.641504 0.617871 0.008398 0.009180
0 0.589941 0.665527 0.010352 0.008008
0 0.563867 0.501758 0.030859 0.016406
0 0.431250 0.495312 0.029297 0.019922
0 0.405664 0.472363 0.024219 0.013867
0 0.589453 0.482715 0.020313 0.013477
0 0.061914 0.455957 0.011719 0.013086
0 0.027734 0.453711 0.009375 0.012891
0 0.658008 0.553418 0.016406 0.009961
15 0.686914 0.600879 0.032813 0.031055
15 0.706934 0.635352 0.026367 0.024609
15 0.754297 0.569043 0.033203 0.031445
15 0.768555 0.606641 0.029687 0.027734
0 0.670605 0.472070 0.047852 0.022656
0 0.323145 0.454004 0.052539 0.022852
0 0.042773 0.021191 0.012891 0.013867
0 0.776563 0.221973 0.008984 0.010742
