0 0.905566 0.277832 0.012305 0.010352
11 0.095801 0.286914 0.050586 0.017578
0 0.829980 0.458691 0.010352 0.006836
0 0.904004 0.619238 0.015039 0.009570
8 0.665332 0.350195 0.031445 0.008594
0 0.741504 0.134375 0.009570 0.008203
0 0.124609 0.838770 0.018359 0.012305
8 0.242676 0.386035 0.009180 0.023633
8 0.366992 0.385254 0.010156 0.033398
0 0.829980 0.332227 0.009961 0.008594
0 0.602246 0.473828 0.007617 0.006250
8 0.061621 0.324902 0.012695 0.027930
0 0.434180 0.556055 0.007422 0.005469
11 0.903516 0.277246 0.017188 0.011914
0 0.827344 0.703418 0.010156 0.007617
0 0.741699 0.026270 0.009180 0.009180
0 0.808984 0.476270 0.007422 0.006445
0 0.196289 0.676074 0.010937 0.009570
0 0.225488 0.551367 0.008398 0.006250
10 0.904102 0.372754 0.019531 0.026367
8 0.146680 0.328711 0.008984 0.017188
0 0.808105 0.520020 0.006836 0.005664
10 0.901660 0.577344 0.047070 0.019531
8 0.495020 0.722656 0.011914 0.050781
0 0.220605 0.331738 0.008398 0.007227
0 0.804492 0.765918 0.008984 0.009180
0 0.462988 0.993164 0.012305 0.012109
0 0.061035 0.289746 0.015039 0.011914
0 0.223828 0.639941 0.010547 0.008789
0 0.595313 0.022754 0.010547 0.009180
0 0.473535 0.267383 0.010352 0.008984
0 0.453613 0.020703 0.009961 0.009766
0 0.434863 0.511523 0.009180 0.008594
0 0.600879 0.517480 0.008008 0.006445
0 0.448535 0.333594 0.008398 0.007812
0 0.304004 0.128711 0.009180 0.008594
0 0.306250 0.018457 0.009766 0.009180
0 0.449805 0.257422 0.009375 0.008984
0 0.196387 0.766113 0.011523 0.009961
0 0.830078 0.279980 0.009766 0.008398
0 0.225879 0.469434 0.008008 0.006836
0 0.772168 0.264941 0.010742 0.008789
0 0.829395 0.301172 0.011523 0.010156
0 0.227539 0.428027 0.008203 0.007617
0 0.268555 0.257324 0.009375 0.007617
0 0.568457 0.177637 0.009570 0.009961
8 0.849121 0.368262 0.017383 0.020898
0 0.595020 0.853223 0.009570 0.009180
0 0.433105 0.640820 0.009570 0.007812
0 0.593164 0.260645 0.009375 0.008008
0 0.429199 0.994629 0.010352 0.009961
0 0.203516 0.360156 0.010547 0.008984
0 0.474219 0.176172 0.011328 0.009766
0 0.284766 0.149707 0.013281 0.011133
35 0.662793 0.982422 0.084570 0.035156
0 0.473145 0.362305 0.010352 0.008594
0 0.819238 0.340430 0.008008 0.007422
0 0.565039 0.364355 0.010937 0.008008
0 0.567676 0.153320 0.012695 0.010547
0 0.562207 0.677734 0.009570 0.008984
0 0.285352 0.185059 0.010547 0.009961
0 0.592578 0.336035 0.008984 0.007617
8 0.888379 0.335449 0.013086 0.021680
0 0.466309 0.675684 0.011914 0.011523
8 0.720215 0.388379 0.010352 0.033789
1 0.698145 0.944043 0.024023 0.016211
0 0.430566 0.885645 0.009570 0.009961
0 0.756543 0.157715 0.013086 0.011133
0 0.597656 0.765137 0.008594 0.009180
8 0.642969 0.385156 0.010937 0.033203
0 0.204590 0.290625 0.011523 0.010156
8 0.929785 0.323828 0.010352 0.026562
10 0.513867 0.239941 0.013672 0.021289
0 0.207031 0.183398 0.012109 0.010937
0 0.059180 0.491113 0.013281 0.011914
0 0.204102 0.330859 0.010547 0.010156
10 0.080957 0.448145 0.018555 0.027930
11 0.956641 0.370996 0.015625 0.018164
8 0.974609 0.325684 0.012109 0.028320
0 0.225977 0.507031 0.010547 0.010156
0 0.475000 0.150684 0.012891 0.011133
0 0.602246 0.428711 0.008789 0.008203
8 0.896875 0.728027 0.014844 0.040820
10 0.139551 0.384375 0.021680 0.029687
0 0.054492 0.761719 0.014453 0.011719
0 0.201953 0.490527 0.012500 0.010352
8 0.716797 0.731445 0.013281 0.046875
8 0.517773 0.379395 0.011328 0.033008
8 0.794238 0.729102 0.014258 0.052344
8 0.633887 0.730664 0.012695 0.047656
11 0.861328 0.491992 0.019141 0.020313
11 0.859473 0.632129 0.018945 0.022461
11 0.071191 0.677051 0.028320 0.019727
8 0.109082 0.326758 0.011133 0.023047
10 0.104297 0.542188 0.032031 0.018750
11 0.543359 0.267188 0.021875 0.016406
8 0.406250 0.387305 0.010547 0.033203
8 0.548535 0.715039 0.011914 0.040234
8 0.959961 0.728320 0.014844 0.040234
10 0.542676 0.239746 0.013086 0.023633
11 0.513379 0.266504 0.020898 0.017383
11 0.863281 0.467773 0.020703 0.024219
11 0.514551 0.170703 0.020898 0.019531
11 0.543652 0.172363 0.021289 0.019336
11 0.861719 0.441504 0.019141 0.020898
11 0.861230 0.551855 0.020508 0.023633
10 0.107520 0.366992 0.017773 0.027344
11 0.173926 0.543848 0.021680 0.025195
11 0.124219 0.766211 0.024219 0.019531
11 0.864844 0.419336 0.019922 0.022266
11 0.139160 0.287793 0.027539 0.018555
11 0.173926 0.571094 0.021680 0.026172
11 0.862109 0.526074 0.020313 0.024023
11 0.572461 0.488867 0.018750 0.019531
11 0.573438 0.437012 0.018359 0.021289
11 0.099219 0.677148 0.024609 0.018750
11 0.172656 0.599121 0.023047 0.029492
11 0.156836 0.491211 0.029687 0.019141
11 0.172168 0.629980 0.022070 0.026367
11 0.175098 0.517969 0.022461 0.025391
11 0.860254 0.577734 0.020117 0.023047
11 0.177441 0.420898 0.022461 0.025781
11 0.126758 0.677148 0.030078 0.020313
11 0.572363 0.524414 0.019727 0.024219
11 0.573047 0.466016 0.019922 0.023438
10 0.127246 0.730371 0.022070 0.028320
11 0.082031 0.286328 0.025391 0.019531
11 0.240430 0.187793 0.026172 0.020898
11 0.176465 0.459082 0.023242 0.026367
11 0.153125 0.766309 0.030078 0.021289
8 0.799609 0.387891 0.011328 0.031250
11 0.574414 0.413867 0.019531 0.025391
11 0.861133 0.605566 0.019531 0.024414
11 0.572070 0.550000 0.020313 0.023828
10 0.101953 0.708008 0.021484 0.028516
11 0.570703 0.633496 0.020703 0.026758
11 0.108301 0.287891 0.025977 0.019141
11 0.571777 0.603809 0.021680 0.029102
11 0.097656 0.766602 0.025000 0.019922
11 0.572070 0.575000 0.020313 0.023438
11 0.261328 0.166895 0.030078 0.022461
0 0.452734 0.127148 0.010547 0.008984
18 0.064746 0.101074 0.129102 0.201758
8 0.272461 0.365039 0.018750 0.018359
8 0.292187 0.378418 0.022266 0.015820
8 0.170313 0.363867 0.012891 0.019922
0 0.969727 0.360156 0.010156 0.008594
0 0.970117 0.391797 0.009375 0.008594
0 0.810156 0.431348 0.007812 0.006836
10 0.799609 0.444141 0.037891 0.016406
10 0.797461 0.490137 0.039453 0.015430
0 0.469727 0.453516 0.011328 0.011328
0 0.202637 0.408594 0.011133 0.009375
0 0.055176 0.675293 0.011523 0.008008
0 0.213086 0.860742 0.021094 0.019531
0 0.441895 0.992188 0.011914 0.008203
0 0.466309 0.793945 0.014258 0.010937
0 0.466895 0.784961 0.013086 0.011719
0 0.436621 0.430664 0.008398 0.010547
0 0.450293 0.444922 0.013086 0.008984
0 0.593652 0.130078 0.011914 0.009766
8 0.711035 0.354004 0.023633 0.011133
8 0.615820 0.351562 0.021875 0.011719
0 0.827246 0.616602 0.011133 0.010547
0 0.815625 0.865332 0.017188 0.022070
0 0.561328 0.797754 0.013672 0.015430
0 0.559473 0.785742 0.011914 0.014063
8 0.747266 0.686426 0.019531 0.012695
18 0.958301 0.105762 0.075977 0.211133
