0 0.659570 0.343652 0.007031 0.007617
0 0.652832 0.030762 0.009180 0.010352
0 0.808887 0.346094 0.008789 0.007812
0 0.234180 0.248145 0.008594 0.008008
10 0.885254 0.407031 0.015430 0.023828
0 0.510938 0.697754 0.033594 0.025977
0 0.790918 0.260742 0.008398 0.008203
0 0.371582 0.338867 0.008008 0.010156
0 0.238184 0.207715 0.010352 0.009180
11 0.864355 0.444531 0.021680 0.014453
0 0.510547 0.777148 0.033984 0.027344
0 0.813281 0.398438 0.012109 0.011328
0 0.788086 0.219629 0.010547 0.009961
0 0.218262 0.336133 0.009180 0.008594
0 0.663281 0.396191 0.010547 0.009961
0 0.366895 0.392480 0.009961 0.009961
0 0.238672 0.131250 0.009375 0.008984
0 0.824609 0.237500 0.013672 0.012500
0 0.198730 0.226270 0.015430 0.012695
0 0.789355 0.144141 0.009961 0.008984
0 0.825684 0.114062 0.015430 0.014063
0 0.099609 0.267285 0.022266 0.022852
0 0.555273 0.780078 0.031641 0.025781
0 0.042871 0.313672 0.020117 0.021094
0 0.201270 0.099023 0.015430 0.013281
0 0.558887 0.697266 0.035352 0.028125
0 0.012988 0.222168 0.025195 0.030273
0 0.378613 0.208203 0.009180 0.009766
0 0.377539 0.252246 0.008203 0.007227
0 0.381250 0.133203 0.008594 0.008984
0 0.382520 0.024023 0.008398 0.009375
0 0.239844 0.020898 0.008984 0.009766
18 0.062891 0.078125 0.125391 0.155859
18 0.957910 0.089160 0.084180 0.177930
0 0.650586 0.140234 0.010156 0.011328
0 0.650391 0.214648 0.010547 0.008984
0 0.651660 0.257227 0.008008 0.008594
0 0.791211 0.036035 0.008203 0.008008
0 0.883984 0.428906 0.006641 0.008594
10 0.862793 0.373926 0.015430 0.027148
26 0.508105 0.737695 0.024414 0.058984
26 0.554004 0.738574 0.023633 0.062305
0 0.039453 0.440918 0.022266 0.017773
0 0.056738 0.227734 0.013867 0.010547
0 0.934863 0.282813 0.022070 0.022266
0 0.924219 0.408301 0.018750 0.025195
22 0.668555 0.793652 0.107813 0.083008
22 0.671973 0.670410 0.113867 0.056836
22 0.381934 0.667578 0.113867 0.060937
22 0.382520 0.791211 0.106055 0.081250
