0 0.809180 0.413379 0.009766 0.009180
0 0.947559 0.415234 0.010742 0.008203
8 0.707422 0.428125 0.038672 0.009766
0 0.644727 0.487793 0.006250 0.006445
8 0.064062 0.395313 0.008594 0.018359
0 0.372168 0.376953 0.012305 0.010156
8 0.234277 0.383008 0.040039 0.021875
0 0.182812 0.405176 0.010547 0.008398
0 0.303906 0.027441 0.008984 0.007617
0 0.805566 0.889453 0.014258 0.012109
18 0.043164 0.919727 0.085938 0.160547
0 0.629590 0.893652 0.009570 0.009180
0 0.359180 0.706934 0.009766 0.008789
8 0.452246 0.400684 0.011523 0.017773
8 0.778027 0.374316 0.007227 0.023242
0 0.357031 0.597070 0.010547 0.009375
0 0.357617 0.892871 0.007812 0.008398
0 0.633691 0.598535 0.009570 0.008789
0 0.770996 0.708398 0.010742 0.008203
8 0.755273 0.344727 0.016406 0.031641
0 0.040430 0.022168 0.010937 0.010742
0 0.215039 0.598633 0.008984 0.010547
0 0.214160 0.941602 0.008789 0.009766
0 0.772852 0.599902 0.009766 0.009570
0 0.039941 0.407520 0.010742 0.008789
0 0.180078 0.531543 0.016406 0.013477
0 0.217090 0.894141 0.012305 0.010937
0 0.630371 0.378906 0.012695 0.011328
37 0.503418 0.154004 0.019727 0.018945
8 0.315430 0.409668 0.029297 0.010352
0 0.179785 0.893359 0.015430 0.012500
18 0.046875 0.588770 0.093359 0.236523
18 0.945020 0.584570 0.109961 0.249609
18 0.957422 0.906738 0.085156 0.130273
20 0.924219 0.334961 0.146484 0.110547
20 0.076172 0.330078 0.151953 0.118359
8 0.546387 0.401465 0.010742 0.012695
8 0.658984 0.397363 0.016016 0.013867
8 0.336426 0.395313 0.009180 0.014844
8 0.305957 0.287598 0.022070 0.031836
8 0.285547 0.321289 0.032813 0.030469
8 0.251660 0.337500 0.020508 0.022656
8 0.219043 0.358789 0.028320 0.027344
8 0.186914 0.386328 0.020703 0.019531
8 0.151172 0.393262 0.008594 0.018945
8 0.722266 0.354199 0.037500 0.038477
0 0.769043 0.890820 0.008789 0.011719
0 0.630957 0.706738 0.009180 0.011914
0 0.775684 0.572656 0.008789 0.012891
0 0.808496 0.532324 0.013867 0.009180
0 0.979199 0.134473 0.018945 0.016602
0 0.014941 0.129297 0.018945 0.014453
0 0.359082 0.485840 0.009180 0.008789
0 0.356445 0.942480 0.008203 0.010352
0 0.632520 0.569043 0.009180 0.011914
0 0.630469 0.942187 0.008203 0.007812
0 0.358594 0.571387 0.010156 0.009180
0 0.214062 0.570605 0.008203 0.010742
