0 0.365918 0.676562 0.034180 0.031641
1 0.945801 0.648926 0.015430 0.013867
0 0.002148 0.741504 0.003906 0.012305
0 0.838086 0.240332 0.008984 0.007227
0 0.180273 0.750293 0.014453 0.010742
0 0.019434 0.988379 0.016992 0.012695
17 0.127148 0.588379 0.011719 0.027930
0 0.687793 0.248145 0.013086 0.012305
0 0.945703 0.648828 0.015625 0.013672
0 0.184277 0.792383 0.012305 0.009375
16 0.608301 0.838477 0.013086 0.017969
16 0.394238 0.854102 0.021680 0.021094
0 0.958691 0.421484 0.015820 0.013672
0 0.975391 0.671680 0.016797 0.014453
0 0.422070 0.584277 0.014453 0.013086
0 0.162109 0.509863 0.011719 0.009961
0 0.867578 0.237012 0.009375 0.009180
0 0.221582 0.278320 0.013477 0.012891
0 0.789844 0.463672 0.011328 0.009766
0 0.008984 0.512598 0.016016 0.013477
0 0.170215 0.624316 0.012305 0.009570
0 0.538184 0.575000 0.017773 0.016406
0 0.968457 0.231543 0.015039 0.012695
0 0.797168 0.577832 0.011133 0.009961
0 0.940527 0.547266 0.016602 0.014453
25 0.051367 0.426660 0.091406 0.112695
0 0.421973 0.558691 0.016992 0.015820
0 0.535937 0.550195 0.018359 0.017188
17 0.832129 0.540137 0.013477 0.031055
0 0.933398 0.445410 0.015625 0.014648
0 0.024414 0.718359 0.016016 0.012891
0 0.015918 0.616309 0.016602 0.013477
11 0.216699 0.777930 0.026367 0.035547
0 0.599805 0.658887 0.037500 0.036523
2 0.498242 0.886328 0.055078 0.065625
0 0.404004 0.335156 0.007617 0.009766
0 0.462109 0.317969 0.009766 0.009375
0 0.521289 0.322656 0.009766 0.008203
15 0.039844 0.375488 0.042188 0.026758
10 0.154492 0.781641 0.039062 0.021484
0 0.402051 0.918066 0.046680 0.054102
0 0.292773 0.691309 0.012891 0.006836
0 0.984766 0.914160 0.017578 0.015430
0 0.609961 0.902930 0.053125 0.051562
15 0.986426 0.316309 0.024805 0.023633
15 0.939355 0.305762 0.025195 0.023633
15 0.901953 0.297461 0.030078 0.030469
23 0.742578 0.101562 0.514844 0.195312
23 0.203125 0.130371 0.405859 0.226758
