0 0.244434 0.737305 0.024023 0.017188
0 0.318945 0.662500 0.014453 0.010547
0 0.320996 0.836133 0.011914 0.010937
0 0.302930 0.957324 0.012891 0.013086
0 0.270801 0.865039 0.038477 0.026562
0 0.255469 0.779199 0.024219 0.015820
0 0.273340 0.635840 0.011914 0.009180
0 0.762695 0.989551 0.012500 0.011523
0 0.354102 0.467773 0.010156 0.009375
0 0.329004 0.714063 0.011914 0.010937
0 0.346680 0.409277 0.010547 0.008789
0 0.390234 0.799219 0.009375 0.008984
0 0.354297 0.318750 0.012109 0.010156
0 0.056055 0.441797 0.012500 0.013281
0 0.369727 0.565723 0.007812 0.006836
0 0.549609 0.665820 0.025781 0.020313
0 0.192578 0.571387 0.038281 0.030664
0 0.317383 0.606543 0.012500 0.010352
0 0.194434 0.695215 0.022070 0.022070
0 0.987207 0.346875 0.019336 0.017969
0 0.094043 0.703516 0.022461 0.021484
0 0.976465 0.220996 0.021289 0.020508
0 0.060254 0.582129 0.036914 0.030273
0 0.144629 0.699902 0.022461 0.023242
0 0.598828 0.206152 0.045703 0.018945
0 0.419238 0.313086 0.028711 0.026172
0 0.457031 0.309473 0.023047 0.022070
15 0.485547 0.505371 0.025781 0.028320
0 0.253027 0.461328 0.025195 0.039062
0 0.061914 0.479395 0.030859 0.036914
0 0.278711 0.697754 0.009766 0.013477
0 0.290918 0.733691 0.013867 0.012305
12 0.410742 0.592969 0.035547 0.017578
12 0.415918 0.651270 0.036523 0.023242
12 0.422852 0.708301 0.035937 0.016992
12 0.427930 0.723535 0.033984 0.017383
0 0.278125 0.590918 0.011719 0.012305
0 0.313867 0.811719 0.011328 0.021094
0 0.326660 0.787988 0.010352 0.015820
0 0.304883 0.870020 0.011719 0.018555
0 0.315137 0.933203 0.012695 0.014453
0 0.801367 0.969922 0.008594 0.009766
0 0.817090 0.967383 0.007227 0.009766
0 0.789551 0.986914 0.012695 0.014844
0 0.819824 0.983789 0.010742 0.016016
0 0.823633 0.187402 0.039062 0.017383
7 0.762500 0.828613 0.156250 0.042773
0 0.518457 0.737402 0.018555 0.029883
