0 0.618555 0.798535 0.010156 0.009961
8 0.632812 0.758398 0.010547 0.018750
0 0.598633 0.627148 0.012109 0.009375
8 0.633398 0.845117 0.008984 0.017969
0 0.904785 0.720605 0.012695 0.015430
0 0.742090 0.367871 0.011133 0.011133
0 0.199512 0.137598 0.012695 0.011133
0 0.436523 0.251563 0.009766 0.008594
8 0.455371 0.992480 0.013477 0.015039
0 0.618848 0.815234 0.009570 0.008594
0 0.850195 0.573340 0.016797 0.013867
0 0.833789 0.371387 0.010547 0.008789
15 0.343848 0.800488 0.011523 0.016211
0 0.445801 0.563281 0.008398 0.008984
8 0.627930 0.634082 0.010937 0.017383
8 0.447559 0.698145 0.010742 0.018555
0 0.559473 0.130664 0.012695 0.010937
0 0.641211 0.131738 0.006641 0.006445
15 0.340723 0.727637 0.012695 0.016211
0 0.762207 0.345215 0.027539 0.023633
0 0.433691 0.152051 0.009180 0.009961
0 0.775000 0.365820 0.011328 0.010547
0 0.432129 0.110352 0.009570 0.009766
0 0.445898 0.116797 0.011328 0.008594
0 0.672070 0.960547 0.012109 0.010937
8 0.449023 0.660645 0.009766 0.016992
0 0.440332 0.396582 0.008789 0.009570
0 0.607715 0.458398 0.009961 0.010937
0 0.815234 0.396094 0.007031 0.008984
0 0.596484 0.132520 0.009766 0.009961
0 0.966992 0.076367 0.015625 0.012500
8 0.452148 0.800879 0.010547 0.019336
0 0.799805 0.536523 0.017969 0.013672
8 0.448633 0.721680 0.010156 0.019531
0 0.442676 0.452734 0.008008 0.008984
0 0.973926 0.368848 0.011914 0.009180
11 0.882324 0.369043 0.024023 0.016602
0 0.598047 0.171191 0.008984 0.008789
0 0.224707 0.157031 0.009961 0.010156
0 0.843164 0.631445 0.012109 0.010156
8 0.454883 0.871094 0.010937 0.018359
0 0.724121 0.610840 0.009180 0.010742
0 0.606445 0.402539 0.008594 0.010156
8 0.452734 0.833984 0.010547 0.020313
0 0.613086 0.603516 0.010547 0.010156
0 0.490820 0.949121 0.012500 0.012695
8 0.447559 0.758008 0.011133 0.018750
8 0.543652 0.667969 0.013477 0.026953
8 0.629395 0.654297 0.011914 0.016797
0 0.740137 0.565820 0.012695 0.012500
11 0.910840 0.367676 0.022461 0.016992
11 0.872754 0.075684 0.023242 0.011914
0 0.610449 0.568262 0.009961 0.010352
0 0.467871 0.131445 0.013086 0.012109
8 0.552441 0.749512 0.014258 0.029883
0 0.302148 0.355762 0.028906 0.024414
0 0.726758 0.539844 0.015234 0.014453
0 0.576270 0.639941 0.013086 0.011523
0 0.223535 0.118555 0.009180 0.009766
0 0.482031 0.636523 0.012891 0.011328
0 0.740332 0.589844 0.012695 0.011328
10 0.899902 0.148535 0.014648 0.023633
11 0.899512 0.076465 0.020898 0.013867
0 0.446582 0.135254 0.011523 0.009180
0 0.796875 0.365234 0.011719 0.010547
10 0.872559 0.123242 0.015820 0.026953
10 0.151660 0.130273 0.031445 0.046484
10 0.131543 0.177734 0.020508 0.029687
10 0.104590 0.205762 0.024023 0.031445
0 0.227246 0.259668 0.011914 0.008789
15 0.338770 0.653320 0.012695 0.028125
15 0.339551 0.693164 0.015430 0.024609
15 0.342871 0.765430 0.012695 0.026172
0 0.461914 0.629492 0.014453 0.008203
0 0.462207 0.649414 0.013867 0.011328
35 0.305566 0.717090 0.023633 0.073633
0 0.581641 0.114941 0.012500 0.007227
0 0.582422 0.133203 0.011719 0.008594
0 0.851172 0.945020 0.016016 0.014258
0 0.865625 0.961523 0.019141 0.011328
0 0.928027 0.599609 0.014258 0.017578
0 0.881250 0.588867 0.009375 0.011328
0 0.728809 0.492480 0.013867 0.013867
0 0.698242 0.341797 0.011328 0.009766
8 0.637891 0.190723 0.012891 0.038477
8 0.731934 0.189258 0.013867 0.032422
8 0.764062 0.147070 0.035937 0.027344
8 0.636328 0.871777 0.012891 0.015820
8 0.634375 0.891016 0.012891 0.019531
8 0.560059 0.863574 0.012305 0.020117
8 0.632812 0.780859 0.012891 0.021094
8 0.641016 0.915137 0.008594 0.015430
8 0.641016 0.935254 0.009766 0.016602
8 0.641602 0.957422 0.009766 0.019531
