0 0.606738 0.992969 0.009961 0.010547
0 0.450781 0.688965 0.007422 0.008398
10 0.111230 0.995898 0.024414 0.008203
1 0.836426 0.420508 0.034961 0.029687
0 0.589746 0.917090 0.011914 0.009180
0 0.423242 0.382422 0.009766 0.010156
0 0.579688 0.685645 0.009375 0.011133
0 0.418555 0.216211 0.010156 0.010547
0 0.420410 0.271094 0.009961 0.012109
0 0.442773 0.606152 0.012109 0.008008
0 0.433594 0.717480 0.009375 0.009180
1 0.843359 0.752051 0.036719 0.030664
0 0.207129 0.930859 0.011133 0.010547
0 0.436328 0.773730 0.009375 0.009570
0 0.444531 0.622949 0.012891 0.008398
0 0.445117 0.656250 0.014453 0.009375
0 0.415723 0.104883 0.009180 0.009375
0 0.582227 0.604785 0.015234 0.008789
0 0.582031 0.620313 0.015234 0.009375
0 0.582910 0.653516 0.014648 0.008984
0 0.581152 0.130664 0.009570 0.010156
0 0.445215 0.639160 0.013086 0.008398
10 0.910352 0.945898 0.016016 0.024219
0 0.431348 0.605664 0.010352 0.010547
0 0.425000 0.437402 0.008594 0.008398
0 0.020703 0.456055 0.041016 0.036328
8 0.514746 0.637598 0.012695 0.006836
0 0.582715 0.637305 0.014648 0.008984
1 0.777148 0.095020 0.044922 0.046680
0 0.231836 0.939551 0.008594 0.009570
0 0.441992 0.973340 0.009766 0.009961
0 0.605273 0.953809 0.008594 0.009570
0 0.567090 0.922949 0.012305 0.010352
0 0.233789 0.980078 0.008984 0.009766
0 0.440918 0.932031 0.009180 0.009375
0 0.475488 0.922754 0.013086 0.011523
10 0.161719 0.947070 0.029687 0.039453
35 0.911133 0.416016 0.081250 0.095703
1 0.798535 0.755664 0.044336 0.046484
1 0.969727 0.746875 0.048047 0.049219
1 0.789746 0.422852 0.040820 0.043359
10 0.138770 0.981152 0.022461 0.032617
1 0.949219 0.088672 0.047266 0.048828
0 0.402832 0.138867 0.020508 0.032422
0 0.400977 0.174023 0.019141 0.033984
0 0.182812 0.424902 0.016406 0.021680
0 0.172266 0.076367 0.017969 0.021484
0 0.410449 0.426074 0.021680 0.036523
0 0.408594 0.466699 0.017969 0.036523
0 0.556445 0.519922 0.010156 0.011328
0 0.463086 0.520996 0.012891 0.012305
0 0.429004 0.549023 0.010352 0.012891
0 0.443066 0.510449 0.011914 0.007617
0 0.442090 0.528906 0.011914 0.007812
0 0.577246 0.509180 0.011914 0.008203
0 0.579297 0.527441 0.012891 0.008789
0 0.197656 0.767383 0.019531 0.026172
0 0.422559 0.713965 0.015039 0.026367
0 0.422363 0.765625 0.018555 0.037891
0 0.454883 0.937012 0.014844 0.010742
0 0.454395 0.917578 0.015820 0.009766
0 0.578516 0.580859 0.011328 0.019922
0 0.446973 0.582910 0.010352 0.018164
10 0.880273 0.925000 0.020703 0.025781
1 0.825000 0.091797 0.039453 0.027734
1 0.989941 0.081348 0.020117 0.033398
