0 0.446582 0.224121 0.011133 0.008398
0 0.199121 0.234473 0.012305 0.010742
0 0.451660 0.513574 0.009570 0.009961
8 0.628613 0.009473 0.029883 0.013477
0 0.847656 0.916699 0.014844 0.011523
0 0.221777 0.664453 0.008398 0.007031
0 0.433203 0.056152 0.010156 0.009570
8 0.724219 0.338867 0.028125 0.009375
0 0.446484 0.241211 0.012109 0.009375
8 0.754590 0.522070 0.042773 0.011328
0 0.504980 0.453906 0.017773 0.015234
8 0.637402 0.501270 0.018945 0.006445
0 0.599023 0.286328 0.010156 0.010937
0 0.818652 0.880566 0.009570 0.009180
8 0.623535 0.502051 0.018164 0.006836
0 0.829688 0.557422 0.013281 0.009375
0 0.432812 0.532031 0.007812 0.007812
0 0.562695 0.022559 0.012500 0.012305
8 0.784570 0.633789 0.056250 0.021875
0 0.561914 0.236133 0.012891 0.012109
0 0.468750 0.237305 0.013281 0.011719
0 0.021777 0.770312 0.026758 0.023828
0 0.222949 0.198145 0.009570 0.011523
0 0.432031 0.641895 0.007422 0.006445
0 0.452246 0.397168 0.012695 0.011133
0 0.830664 0.037500 0.013281 0.011719
0 0.450781 0.454492 0.011328 0.010547
0 0.748730 0.878906 0.009961 0.008203
8 0.787500 0.493555 0.032813 0.010156
0 0.433008 0.197852 0.009375 0.010156
0 0.808008 0.287402 0.010156 0.011133
0 0.221973 0.565625 0.010742 0.010156
8 0.825098 0.595898 0.014258 0.025391
0 0.431543 0.664062 0.008008 0.007422
0 0.432715 0.566504 0.009570 0.008008
0 0.598926 0.087695 0.009961 0.010937
0 0.664844 0.848242 0.012891 0.010156
0 0.054102 0.054297 0.012500 0.012109
0 0.505664 0.489160 0.015625 0.012305
11 0.905469 0.518066 0.019531 0.016211
0 0.775488 0.915234 0.011914 0.009766
0 0.433203 0.419922 0.009375 0.009766
0 0.222949 0.254395 0.009570 0.010352
0 0.599512 0.174805 0.010352 0.011328
0 0.433203 0.088281 0.009375 0.011719
17 0.782129 0.779395 0.048242 0.015430
0 0.433105 0.253320 0.009570 0.009766
0 0.267188 0.807715 0.014453 0.013477
0 0.808203 0.087891 0.008984 0.010156
0 0.432129 0.758105 0.009180 0.008398
8 0.779687 0.379883 0.028516 0.008984
0 0.222754 0.364063 0.010352 0.010937
0 0.432422 0.362988 0.010547 0.010742
0 0.943848 0.041992 0.008789 0.006641
0 0.807813 0.178516 0.009766 0.010547
0 0.970801 0.202051 0.013086 0.010742
0 0.505469 0.523828 0.016016 0.013281
8 0.538867 0.599902 0.016797 0.051758
0 0.599023 0.127637 0.008984 0.010352
8 0.694922 0.393457 0.010937 0.033789
0 0.807617 0.129492 0.008984 0.010547
8 0.905859 0.577734 0.014063 0.027734
0 0.223828 0.087793 0.009766 0.011133
8 0.722461 0.513770 0.021484 0.022461
0 0.222656 0.419922 0.010547 0.010547
0 0.198535 0.421680 0.012695 0.010547
0 0.466992 0.019629 0.011719 0.011523
0 0.432715 0.923340 0.009961 0.009961
0 0.222461 0.530957 0.009375 0.009961
0 0.264453 0.769922 0.025781 0.023828
8 0.672559 0.462012 0.031055 0.009961
0 0.223340 0.053711 0.011523 0.010937
17 0.717383 0.781445 0.051953 0.018359
0 0.199316 0.799707 0.013086 0.011523
11 0.905273 0.197363 0.021484 0.018164
11 0.875195 0.196387 0.025781 0.019336
0 0.024512 0.808301 0.016992 0.013867
11 0.068359 0.423242 0.028906 0.020313
0 0.432324 0.868164 0.010742 0.010937
11 0.875879 0.517578 0.025586 0.016797
0 0.598926 0.626953 0.009570 0.009375
0 0.598047 0.787500 0.009766 0.010547
11 0.124512 0.421777 0.025977 0.018945
11 0.097168 0.423730 0.025977 0.019336
11 0.154102 0.421582 0.033594 0.019336
8 0.615820 0.392676 0.011719 0.035742
8 0.616992 0.538770 0.011328 0.029883
10 0.073633 0.577051 0.022656 0.027930
8 0.975977 0.571875 0.011719 0.028906
11 0.098047 0.804688 0.027734 0.023047
11 0.074805 0.804004 0.020313 0.019336
11 0.156543 0.804102 0.033398 0.023828
10 0.097070 0.618164 0.032422 0.049609
11 0.125977 0.804199 0.024219 0.022070
0 0.504980 0.382520 0.016602 0.013477
0 0.504590 0.418652 0.015039 0.013477
0 0.221094 0.640039 0.009766 0.009375
0 0.420801 0.944434 0.013477 0.031445
0 0.680762 0.877344 0.010352 0.009375
0 0.700488 0.914941 0.010742 0.010742
0 0.810547 0.768164 0.013281 0.019141
8 0.641113 0.594727 0.016211 0.040625
8 0.709082 0.601855 0.023633 0.042773
8 0.750098 0.567578 0.024414 0.037891
0 0.970703 0.517578 0.012891 0.011719
0 0.829492 0.517383 0.012891 0.012891
8 0.673438 0.520703 0.033594 0.009766
8 0.761133 0.417090 0.020313 0.041992
8 0.748242 0.382715 0.029687 0.010742
8 0.630762 0.338965 0.034570 0.011914
0 0.584277 0.239648 0.014258 0.009375
0 0.829492 0.240723 0.012109 0.011523
0 0.583887 0.220508 0.013477 0.008594
0 0.828516 0.200977 0.010937 0.010156
0 0.782031 0.048828 0.028906 0.012500
0 0.828906 0.010254 0.011719 0.014258
25 0.719043 0.840527 0.077148 0.134570
25 0.791211 0.840527 0.071484 0.134570
