11 0.564844 0.389453 0.017578 0.042188
0 0.847949 0.960352 0.011523 0.011328
8 0.388184 0.345898 0.010742 0.032422
8 0.635840 0.750293 0.026758 0.008789
0 0.813477 0.642383 0.006641 0.006250
0 0.550000 0.240918 0.011328 0.011133
8 0.987500 0.763379 0.012500 0.035352
10 0.498145 0.213867 0.014258 0.026172
0 0.457129 0.706445 0.009180 0.010156
0 0.207031 0.748340 0.008203 0.007617
0 0.203906 0.673145 0.007812 0.009180
0 0.883301 0.571191 0.008398 0.008008
0 0.190625 0.131348 0.016797 0.015430
0 0.963867 0.371973 0.012500 0.007617
0 0.810742 0.594043 0.006641 0.006055
8 0.528711 0.259570 0.019531 0.010156
8 0.683496 0.282617 0.014648 0.011719
0 0.232813 0.977539 0.006641 0.006641
8 0.529297 0.660547 0.012500 0.006250
0 0.430566 0.489258 0.007227 0.006250
0 0.487207 0.976172 0.010742 0.010937
8 0.530566 0.285547 0.020117 0.008594
0 0.804395 0.433789 0.007617 0.006641
0 0.602832 0.983496 0.013867 0.011523
0 0.734375 0.117383 0.012109 0.010547
0 0.454688 0.191309 0.008984 0.008398
0 0.437793 0.311914 0.007227 0.007031
0 0.595605 0.441699 0.007617 0.006836
0 0.822559 0.875684 0.009570 0.010352
8 0.608789 0.273047 0.013672 0.016797
8 0.621191 0.321387 0.024805 0.008398
10 0.905859 0.530371 0.048828 0.021289
0 0.552051 0.265234 0.009570 0.009375
0 0.548047 0.189160 0.008594 0.008789
0 0.437012 0.639355 0.010742 0.009180
0 0.433594 0.236621 0.008203 0.007617
8 0.880078 0.286719 0.014844 0.026953
8 0.547754 0.734277 0.015430 0.043945
0 0.820605 0.834961 0.008398 0.010156
0 0.830664 0.571973 0.010937 0.008789
0 0.601660 0.961914 0.012305 0.010156
0 0.228516 0.645801 0.012500 0.010352
0 0.218262 0.980859 0.011523 0.010547
0 0.576367 0.307520 0.008594 0.007227
8 0.806934 0.736914 0.009570 0.025781
8 0.356348 0.349414 0.012305 0.033984
0 0.567578 0.664453 0.012891 0.009375
0 0.811133 0.141895 0.011328 0.011133
0 0.572168 0.228320 0.007617 0.009375
0 0.457324 0.245898 0.009961 0.009766
0 0.450879 0.094531 0.009570 0.008984
0 0.546582 0.146387 0.010352 0.009961
0 0.056641 0.480273 0.013281 0.010937
0 0.735840 0.144922 0.008789 0.008984
10 0.162695 0.693066 0.025391 0.035352
0 0.427148 0.402148 0.009375 0.008594
11 0.906348 0.569336 0.019336 0.012500
0 0.804004 0.297461 0.009961 0.007812
0 0.572949 0.755176 0.009570 0.009961
11 0.176172 0.558887 0.022656 0.024805
0 0.285449 0.078906 0.015430 0.012891
0 0.614746 0.933496 0.009180 0.010742
0 0.052344 0.392773 0.012891 0.010937
0 0.613086 0.886426 0.009375 0.011523
0 0.818555 0.287012 0.011328 0.009961
0 0.545117 0.123633 0.012109 0.011719
0 0.452246 0.965137 0.009961 0.010352
0 0.241699 0.974121 0.009961 0.010352
0 0.673438 0.189746 0.009766 0.007617
0 0.050293 0.283105 0.012305 0.011523
8 0.632617 0.351660 0.011719 0.040039
0 0.458789 0.305371 0.010156 0.009180
0 0.218652 0.411816 0.008789 0.008789
0 0.253906 0.244824 0.009766 0.008008
0 0.457422 0.268066 0.010547 0.009961
0 0.824805 0.925391 0.009375 0.010547
0 0.191406 0.274609 0.011328 0.010547
11 0.863770 0.352539 0.018945 0.016016
0 0.209180 0.320605 0.009766 0.008789
8 0.845215 0.312793 0.020117 0.020508
8 0.644629 0.696582 0.013086 0.054492
0 0.187793 0.177344 0.011133 0.010547
0 0.714258 0.189551 0.010937 0.008789
10 0.101758 0.533887 0.030078 0.019727
0 0.816211 0.254395 0.010937 0.009961
0 0.192090 0.318164 0.011133 0.010937
0 0.227148 0.128906 0.016016 0.014844
8 0.477246 0.356934 0.013867 0.038477
0 0.199219 0.475195 0.011719 0.010156
0 0.445996 0.855078 0.009961 0.010547
10 0.110254 0.701074 0.018945 0.030664
8 0.712793 0.348926 0.011523 0.041992
8 0.983984 0.688770 0.013281 0.045117
8 0.803809 0.688281 0.014258 0.055859
0 0.238086 0.862695 0.010156 0.010156
11 0.727930 0.211133 0.025781 0.020703
8 0.724219 0.691797 0.014844 0.056250
11 0.948438 0.317969 0.017969 0.020703
8 0.919922 0.760645 0.011719 0.030273
11 0.497266 0.139941 0.019141 0.014258
11 0.566602 0.433691 0.018750 0.024023
0 0.611914 0.846387 0.009375 0.010742
0 0.265527 0.173437 0.009961 0.009766
11 0.132910 0.646191 0.028711 0.020508
8 0.966406 0.273145 0.013281 0.032617
11 0.154297 0.478613 0.028125 0.018164
11 0.921777 0.922559 0.023242 0.019336
8 0.893555 0.688379 0.015625 0.043164
11 0.764746 0.148438 0.029102 0.023047
11 0.663770 0.212109 0.026758 0.020313
11 0.860449 0.478809 0.024023 0.025195
11 0.108691 0.757715 0.025195 0.019727
11 0.241504 0.157227 0.027539 0.020313
11 0.696777 0.211816 0.027930 0.020117
8 0.502539 0.756250 0.010937 0.033203
8 0.921191 0.274609 0.010742 0.030469
11 0.857715 0.447949 0.022070 0.022852
11 0.570117 0.543164 0.019922 0.023047
11 0.569043 0.516406 0.020117 0.022656
11 0.078223 0.650195 0.022852 0.017578
11 0.855957 0.371875 0.020898 0.023828
11 0.892383 0.924902 0.027344 0.020508
8 0.564551 0.348340 0.013477 0.037305
11 0.570996 0.599414 0.020898 0.025391
11 0.857129 0.250391 0.022070 0.017969
11 0.135840 0.757617 0.024023 0.019141
11 0.564746 0.403516 0.017773 0.021094
11 0.566504 0.457617 0.018555 0.019922
11 0.888281 0.249219 0.023828 0.017188
11 0.176465 0.586816 0.023242 0.029102
11 0.855469 0.395508 0.021094 0.023047
11 0.564648 0.380469 0.019141 0.023438
10 0.129590 0.376563 0.020898 0.031641
8 0.501660 0.728223 0.008789 0.027930
11 0.174902 0.530371 0.022852 0.025195
11 0.219629 0.178711 0.025195 0.019531
11 0.174902 0.504395 0.021680 0.025586
11 0.171094 0.399707 0.023047 0.026367
11 0.125195 0.275586 0.027344 0.020313
11 0.862109 0.504199 0.023047 0.025195
11 0.068750 0.278125 0.023828 0.019922
11 0.171973 0.447266 0.022461 0.026562
10 0.137695 0.723047 0.020313 0.028906
11 0.864453 0.530566 0.021484 0.024414
11 0.858691 0.421777 0.022461 0.025977
10 0.075098 0.440332 0.017773 0.025586
11 0.865234 0.557324 0.021484 0.027539
11 0.865527 0.584180 0.020117 0.023047
11 0.571289 0.571484 0.021484 0.026953
11 0.568164 0.491211 0.019531 0.023438
11 0.179004 0.616016 0.020898 0.026953
11 0.093848 0.277246 0.026367 0.020898
11 0.166504 0.755957 0.031445 0.022070
0 0.263672 0.128418 0.016016 0.017773
0 0.281738 0.049316 0.013867 0.015039
0 0.276562 0.022168 0.029297 0.026758
0 0.147168 0.026758 0.033398 0.019531
0 0.453711 0.128418 0.010937 0.012305
0 0.453516 0.151367 0.012109 0.012500
18 0.048438 0.095215 0.096484 0.190039
18 0.949121 0.078906 0.101758 0.157422
0 0.958008 0.249219 0.010547 0.009766
0 0.743750 0.190234 0.010156 0.012109
0 0.773242 0.189648 0.009766 0.012500
0 0.746094 0.212598 0.009766 0.011523
0 0.193457 0.351172 0.013086 0.011719
8 0.056152 0.320215 0.011914 0.015820
8 0.116797 0.316602 0.010937 0.016016
8 0.161719 0.315137 0.010547 0.015430
8 0.232813 0.375586 0.010156 0.022266
8 0.309668 0.369922 0.009180 0.018359
8 0.015918 0.391406 0.011914 0.019141
0 0.204102 0.640039 0.010547 0.008594
17 0.122070 0.799609 0.010937 0.019922
25 0.083594 0.798145 0.089453 0.047852
0 0.055273 0.774316 0.009375 0.007617
0 0.060937 0.761914 0.009766 0.012109
0 0.467090 0.991016 0.014258 0.010547
0 0.465918 0.972266 0.012695 0.011328
0 0.442285 0.424609 0.014258 0.009766
15 0.479395 0.125195 0.016602 0.027734
15 0.480762 0.162695 0.016211 0.029687
15 0.521387 0.125391 0.015430 0.028125
15 0.522266 0.162598 0.013672 0.034180
0 0.715820 0.094336 0.010156 0.010156
15 0.768262 0.227734 0.023242 0.040625
15 0.770410 0.272070 0.023633 0.026953
10 0.896875 0.322266 0.028125 0.035547
10 0.860059 0.327344 0.013867 0.027734
10 0.792480 0.397363 0.043164 0.020508
10 0.794336 0.449805 0.039453 0.017969
0 0.962305 0.340625 0.011719 0.012500
0 0.961719 0.308008 0.010547 0.010937
0 0.833008 0.599414 0.010937 0.010156
0 0.834766 0.650977 0.012891 0.010156
8 0.792188 0.784277 0.028906 0.016211
8 0.735938 0.758887 0.030078 0.026367
0 0.837988 0.757617 0.013086 0.010937
0 0.845117 0.921680 0.011719 0.012500
0 0.988574 0.916504 0.013086 0.014648
0 0.579883 0.968848 0.010937 0.014258
10 0.833691 0.634863 0.031445 0.017383
