0 0.790430 0.916113 0.009766 0.007227
11 0.935840 0.929199 0.014648 0.018945
29 0.981836 0.710449 0.036328 0.042383
8 0.513867 0.917969 0.018750 0.008594
0 0.537012 0.841992 0.011133 0.009375
0 0.262207 0.369531 0.013477 0.010156
0 0.440137 0.789551 0.009180 0.009570
0 0.842969 0.181445 0.010937 0.007812
0 0.758691 0.842480 0.008789 0.009180
0 0.987305 0.268652 0.024609 0.028320
0 0.442676 0.869434 0.011133 0.010742
11 0.751074 0.820117 0.027148 0.018750
0 0.260449 0.424609 0.014648 0.011328
0 0.948926 0.013281 0.023633 0.022656
0 0.441602 0.845801 0.012500 0.011133
0 0.729883 0.841992 0.007812 0.008594
8 0.632617 0.808691 0.051172 0.012695
0 0.418945 0.852637 0.008984 0.008398
8 0.513477 0.895801 0.018359 0.007227
0 0.558008 0.847461 0.007422 0.008984
0 0.446484 0.938672 0.013281 0.011328
0 0.482910 0.394238 0.024023 0.018945
8 0.862500 0.915137 0.018750 0.032617
7 0.685937 0.599512 0.145703 0.043555
0 0.010059 0.308887 0.019727 0.030664
11 0.876172 0.858789 0.023438 0.019141
0 0.534082 0.786621 0.009570 0.009570
0 0.805371 0.887305 0.011523 0.011328
0 0.951562 0.974707 0.011719 0.009961
0 0.223633 0.691699 0.014453 0.011914
0 0.803613 0.855566 0.011523 0.010352
0 0.539258 0.904004 0.009766 0.011133
0 0.219922 0.450488 0.012500 0.010352
0 0.700293 0.842969 0.010742 0.010156
12 0.358789 0.419922 0.034766 0.020703
0 0.320020 0.177930 0.013086 0.011719
0 0.421875 0.929883 0.009375 0.008203
0 0.335059 0.148145 0.014648 0.013086
0 0.269238 0.481152 0.013086 0.011523
8 0.824609 0.958496 0.026953 0.018555
0 0.237598 0.677832 0.011914 0.009961
0 0.137988 0.307422 0.038867 0.030469
8 0.906543 0.902246 0.011914 0.030273
0 0.125586 0.411230 0.021875 0.020117
0 0.442285 0.905566 0.011523 0.011914
11 0.484766 0.849121 0.022266 0.018164
0 0.026758 0.414453 0.023438 0.021094
0 0.077148 0.412109 0.024609 0.023438
11 0.843457 0.859180 0.023242 0.018750
0 0.951172 0.141895 0.019922 0.018555
0 0.184766 0.511914 0.022656 0.016016
0 0.174707 0.462598 0.023242 0.017773
0 0.400488 0.137207 0.025195 0.025195
0 0.435449 0.135937 0.027148 0.027734
0 0.327539 0.218848 0.009766 0.010352
0 0.209570 0.230176 0.032031 0.048633
12 0.356934 0.363184 0.034961 0.020508
12 0.361133 0.344238 0.032031 0.015430
12 0.362891 0.479590 0.035547 0.015820
0 0.217285 0.390625 0.012695 0.016016
0 0.229883 0.355371 0.009375 0.015430
0 0.244336 0.363184 0.008203 0.012305
0 0.194922 0.550488 0.016797 0.013477
0 0.195898 0.599219 0.036719 0.031641
0 0.232520 0.617285 0.013086 0.017383
0 0.254297 0.599121 0.010937 0.015430
0 0.248047 0.572949 0.009766 0.017383
0 0.247461 0.499512 0.011719 0.013086
0 0.233398 0.497949 0.008984 0.014648
0 0.276953 0.591113 0.008203 0.014648
0 0.266992 0.569922 0.010156 0.018750
7 0.156348 0.561719 0.024805 0.076563
0 0.448730 0.470898 0.014258 0.028125
0 0.240430 0.780469 0.009375 0.013281
0 0.225781 0.777344 0.011719 0.018750
0 0.208691 0.766016 0.023242 0.045703
0 0.240039 0.836230 0.010937 0.017383
0 0.261523 0.831738 0.008984 0.016602
0 0.258203 0.852734 0.009766 0.020313
0 0.254785 0.870605 0.024805 0.026758
0 0.265527 0.880762 0.015430 0.020508
0 0.283984 0.805078 0.007812 0.015625
0 0.276367 0.833398 0.009375 0.011719
0 0.537109 0.867383 0.007812 0.009766
15 0.465332 0.804688 0.015430 0.029297
15 0.507910 0.804492 0.015039 0.029687
11 0.648145 0.889844 0.025586 0.018359
11 0.679785 0.887988 0.025977 0.014648
11 0.713770 0.887793 0.024805 0.015039
0 0.730859 0.867383 0.010156 0.011328
0 0.759570 0.865234 0.009766 0.010547
15 0.755566 0.935449 0.025586 0.045117
11 0.848047 0.959766 0.020703 0.020313
10 0.883398 0.934277 0.026562 0.027930
0 0.805273 0.925488 0.010937 0.011523
8 0.590430 0.897461 0.015234 0.016406
8 0.600391 0.989062 0.040625 0.010547
8 0.378613 0.985547 0.013867 0.025781
10 0.484668 0.824219 0.015820 0.021875
