10 0.148926 0.671875 0.019727 0.011328
0 0.751953 0.007812 0.008594 0.009766
0 0.757520 0.146680 0.008398 0.009375
0 0.812207 0.695117 0.009961 0.008984
18 0.944727 0.061328 0.102734 0.111328
8 0.534570 0.425781 0.012891 0.051953
8 0.120020 0.365723 0.009961 0.013477
21 0.970996 0.951465 0.053320 0.083398
8 0.185156 0.986816 0.019531 0.008008
0 0.608105 0.014648 0.009961 0.010156
0 0.809863 0.664160 0.010352 0.008008
8 0.315625 0.374219 0.034375 0.010547
0 0.029883 0.768652 0.011328 0.013086
0 0.011328 0.218262 0.012500 0.010352
8 0.445312 0.480762 0.010547 0.027539
11 0.993750 0.195703 0.012500 0.019531
8 0.720801 0.416602 0.045898 0.012109
20 0.895508 0.538184 0.183594 0.202148
20 0.083203 0.554883 0.162109 0.206250
0 0.333008 0.132129 0.010156 0.010352
0 0.351562 0.661035 0.016016 0.014648
0 0.613477 0.125977 0.011328 0.011328
0 0.017383 0.398828 0.012109 0.010937
8 0.535352 0.413477 0.012500 0.053906
8 0.281934 0.312109 0.042773 0.010937
0 0.187012 0.027051 0.009570 0.009570
0 0.018848 0.431641 0.012695 0.010156
8 0.257812 0.459668 0.021484 0.010352
0 0.164258 0.456738 0.010547 0.008398
0 0.635840 0.650293 0.017773 0.014258
8 0.641992 0.361816 0.047266 0.014258
8 0.130859 0.715332 0.023828 0.009570
8 0.534082 0.480176 0.011133 0.031836
8 0.651270 0.473242 0.013477 0.032031
8 0.291309 0.378125 0.067773 0.014844
0 0.190625 0.137988 0.010156 0.009961
8 0.331934 0.446387 0.014258 0.038867
8 0.441016 0.436035 0.011719 0.033789
0 0.938086 0.200195 0.017188 0.014063
0 0.921191 0.975781 0.009961 0.010156
0 0.026172 0.672266 0.011719 0.010156
10 0.841602 0.646680 0.025391 0.014844
8 0.329590 0.483203 0.012695 0.032813
0 0.754102 0.120508 0.010547 0.010156
8 0.316699 0.513379 0.015430 0.033398
8 0.212402 0.420703 0.010742 0.015234
11 0.991113 0.679004 0.017773 0.018164
0 0.032910 0.878711 0.012305 0.012109
8 0.646973 0.437988 0.013477 0.032227
8 0.329492 0.422559 0.012891 0.028320
0 0.613086 0.490527 0.011328 0.010352
0 0.160254 0.300586 0.010742 0.009375
0 0.176270 0.772852 0.010742 0.009375
8 0.441797 0.413184 0.012500 0.039258
0 0.798340 0.337988 0.011523 0.010742
0 0.800586 0.393457 0.012109 0.010352
0 0.155957 0.213770 0.015430 0.012305
0 0.795410 0.194043 0.016211 0.013867
11 0.046680 0.412109 0.026172 0.020703
8 0.833008 0.304102 0.012500 0.025000
8 0.741211 0.601367 0.052344 0.016797
8 0.645020 0.410547 0.015820 0.027344
8 0.705664 0.362988 0.057422 0.013867
11 0.797754 0.648828 0.019336 0.021484
8 0.895996 0.296387 0.010742 0.025977
8 0.756250 0.365723 0.032813 0.012695
8 0.941992 0.294922 0.011328 0.030469
11 0.185547 0.669824 0.022656 0.020117
8 0.255957 0.620996 0.022070 0.066211
8 0.295605 0.619434 0.015039 0.067383
0 0.330762 0.022363 0.009180 0.010352
0 0.944531 0.360156 0.010156 0.008203
0 0.804980 0.444922 0.010742 0.010156
0 0.955078 0.677246 0.011719 0.012305
0 0.336523 0.247363 0.011328 0.013867
0 0.616797 0.238281 0.009766 0.013281
0 0.612793 0.152441 0.008789 0.010352
0 0.334180 0.158301 0.009766 0.010742
0 0.163086 0.355176 0.009766 0.008789
0 0.019922 0.460254 0.011328 0.007227
18 0.038770 0.084570 0.077148 0.168750
