0 0.938184 0.013770 0.041602 0.027148
0 0.006152 0.355469 0.011914 0.016797
22 0.655664 0.676465 0.122656 0.083008
0 0.741113 0.175684 0.022070 0.039258
0 0.993652 0.190820 0.012305 0.017969
0 0.530273 0.579883 0.029687 0.027344
0 0.641797 0.306055 0.009766 0.008984
0 0.484570 0.580664 0.028906 0.027344
0 0.627637 0.173047 0.009961 0.008203
26 0.481641 0.622656 0.028516 0.058984
0 0.673438 0.058008 0.012500 0.010937
0 0.708203 0.062988 0.012109 0.011523
0 0.938086 0.942285 0.030078 0.028711
0 0.682129 0.026270 0.014258 0.012305
0 0.928906 0.168262 0.025391 0.034961
0 0.805859 0.015332 0.040234 0.029883
0 0.065820 0.200781 0.022656 0.022656
0 0.626270 0.907910 0.045898 0.025977
0 0.500684 0.149707 0.013086 0.025586
0 0.496875 0.038086 0.007812 0.011328
0 0.153418 0.344238 0.045898 0.020898
0 0.385840 0.334473 0.044336 0.023242
26 0.532813 0.621777 0.030078 0.061523
0 0.510254 0.615527 0.047461 0.053711
0 0.486523 0.663281 0.028516 0.032813
0 0.534473 0.661230 0.030273 0.030664
22 0.358105 0.556641 0.112695 0.066406
22 0.366309 0.684766 0.121680 0.079297
22 0.653516 0.548145 0.107813 0.063867
0 0.856348 0.896289 0.047070 0.028516
0 0.638477 0.253906 0.011719 0.007812
0 0.624023 0.129883 0.009766 0.009375
12 0.589355 0.033789 0.034961 0.017578
12 0.586328 0.067383 0.031250 0.018750
0 0.718750 0.035059 0.010547 0.016602
