0 0.342187 0.434961 0.010547 0.008594
0 0.624512 0.475586 0.008398 0.008594
29 0.008301 0.697363 0.016211 0.030664
0 0.051953 0.373633 0.022656 0.019531
0 0.624609 0.427832 0.009766 0.009180
0 0.505957 0.164062 0.027930 0.023438
0 0.626953 0.556738 0.009766 0.009180
0 0.202930 0.486328 0.010156 0.008984
0 0.197266 0.441309 0.008984 0.008398
0 0.204004 0.566406 0.009961 0.010156
0 0.170508 0.270898 0.011719 0.008984
0 0.017383 0.421680 0.013672 0.010156
0 0.180762 0.990820 0.011133 0.010547
0 0.629102 0.259570 0.009375 0.008984
0 0.348633 0.675000 0.012500 0.010547
0 0.770605 0.550488 0.010352 0.011523
0 0.913086 0.348730 0.023047 0.022070
0 0.769238 0.423926 0.010352 0.009180
0 0.326758 0.266504 0.010547 0.010742
0 0.785059 0.256445 0.011523 0.009766
0 0.346875 0.563770 0.010547 0.009961
0 0.627734 0.318652 0.008984 0.010742
0 0.331055 0.325586 0.009766 0.009766
0 0.445801 0.165723 0.025586 0.022461
0 0.175684 0.333398 0.009180 0.009375
10 0.154199 0.307031 0.022852 0.026172
0 0.977246 0.056934 0.024414 0.021289
0 0.206543 0.677539 0.010742 0.008984
0 0.637305 0.892578 0.008594 0.009375
8 0.915039 0.954102 0.012109 0.029297
0 0.774316 0.660840 0.011523 0.011133
0 0.162891 0.478027 0.016016 0.013086
0 0.809180 0.590039 0.015234 0.012109
0 0.815820 0.825977 0.013672 0.011328
0 0.344043 0.179297 0.013086 0.012109
0 0.782520 0.314160 0.009570 0.008789
0 0.815430 0.942187 0.012109 0.010937
0 0.981152 0.187305 0.020117 0.018359
0 0.805469 0.461133 0.015625 0.011719
8 0.850781 0.960938 0.015234 0.030078
0 0.174414 0.845605 0.014844 0.011133
11 0.095020 0.274219 0.025195 0.019531
0 0.167090 0.608301 0.017383 0.013867
0 0.608984 0.172168 0.013672 0.013867
11 0.150684 0.271777 0.029102 0.022070
11 0.861230 0.254199 0.025586 0.020117
11 0.118848 0.255859 0.024805 0.021484
0 0.542578 0.163086 0.025781 0.029297
0 0.410449 0.165625 0.028711 0.026172
0 0.344922 0.483691 0.010937 0.007617
0 0.354980 0.900293 0.010352 0.011133
0 0.178906 0.934766 0.009766 0.011328
0 0.630469 0.668262 0.013281 0.008789
0 0.767969 0.472168 0.010937 0.009180
0 0.944727 0.399707 0.011719 0.012305
10 0.122852 0.335938 0.016016 0.029687
10 0.096875 0.303320 0.016406 0.029297
18 0.044727 0.581250 0.071484 0.223438
18 0.034961 0.899805 0.069531 0.126953
18 0.967187 0.879687 0.065625 0.147656
18 0.949902 0.547656 0.100195 0.242969
