0 0.533496 0.649316 0.034961 0.029883
10 0.518359 0.283008 0.017578 0.014453
0 0.996289 0.238086 0.007422 0.018359
11 0.991992 0.139063 0.015625 0.021484
0 0.243262 0.020117 0.009961 0.010156
0 0.540625 0.008398 0.009375 0.009766
0 0.485449 0.649902 0.033789 0.025977
0 0.534961 0.368457 0.009766 0.008789
0 0.534766 0.351758 0.010547 0.009375
0 0.554980 0.159375 0.008008 0.007031
0 0.249609 0.131836 0.009766 0.008594
0 0.426270 0.121973 0.011523 0.010352
0 0.546387 0.118359 0.009961 0.008203
0 0.595117 0.264355 0.010937 0.008789
0 0.788281 0.357324 0.010156 0.008789
0 0.631445 0.366699 0.008984 0.007617
0 0.521582 0.116992 0.011523 0.009375
0 0.697363 0.109863 0.012305 0.009570
0 0.715527 0.107715 0.013086 0.011133
0 0.716504 0.144824 0.010742 0.010742
0 0.047656 0.246484 0.024219 0.022266
0 0.394141 0.012793 0.012109 0.011133
0 0.400488 0.124609 0.009961 0.008594
0 0.156934 0.181543 0.011523 0.011523
0 0.214941 0.282422 0.009961 0.007812
0 0.232227 0.132031 0.012891 0.011719
0 0.369434 0.274609 0.009961 0.008984
10 0.208398 0.224609 0.022266 0.032422
0 0.707031 0.150098 0.010547 0.008789
0 0.748145 0.255566 0.010742 0.009570
0 0.937012 0.147266 0.015430 0.013281
0 0.428711 0.177539 0.010937 0.010547
0 0.793848 0.140625 0.012695 0.012891
11 0.169824 0.303027 0.022070 0.022070
11 0.455371 0.172754 0.020898 0.018555
11 0.968164 0.141309 0.026562 0.019727
11 0.761719 0.125098 0.028906 0.022070
11 0.484473 0.170898 0.021680 0.018359
0 0.537012 0.734180 0.033789 0.029297
11 0.204590 0.174023 0.031055 0.022656
0 0.488379 0.735938 0.033008 0.028125
0 0.397656 0.166895 0.009375 0.012305
0 0.244238 0.172559 0.008789 0.009180
0 0.233887 0.176367 0.008789 0.009766
0 0.524805 0.171680 0.012891 0.009766
0 0.344922 0.378906 0.010937 0.011719
0 0.513770 0.681836 0.053320 0.052344
10 0.550293 0.283301 0.024805 0.015820
10 0.535547 0.272461 0.017969 0.017969
10 0.418164 0.289941 0.020703 0.015039
10 0.447949 0.287891 0.018555 0.012891
10 0.432324 0.276758 0.013867 0.019531
10 0.817773 0.309473 0.023047 0.013867
10 0.848145 0.308984 0.020117 0.016016
10 0.828809 0.294531 0.017383 0.021094
0 0.914258 0.205176 0.027734 0.022070
0 0.504199 0.239258 0.013867 0.011328
26 0.483203 0.693164 0.028125 0.059766
26 0.533887 0.692090 0.029883 0.057617
22 0.351270 0.614941 0.105273 0.080273
22 0.362598 0.761914 0.115039 0.075000
22 0.651855 0.596973 0.129102 0.085742
22 0.659375 0.747852 0.118359 0.079297
