8 0.140918 0.085938 0.020117 0.062891
11 0.166504 0.196875 0.020117 0.043359
0 0.446387 0.024414 0.009961 0.010547
0 0.557422 0.563965 0.008984 0.008789
0 0.517578 0.943262 0.010156 0.009570
0 0.046387 0.128125 0.010742 0.009375
0 0.828809 0.113281 0.012305 0.010937
0 0.579395 0.022266 0.010352 0.013672
10 0.455371 0.994434 0.015039 0.010742
11 0.263574 0.858301 0.014648 0.013477
10 0.931055 0.376563 0.017578 0.017969
0 0.730957 0.839160 0.009180 0.007227
29 0.018652 0.700879 0.036914 0.038477
0 0.428223 0.150000 0.009180 0.007812
0 0.433984 0.610352 0.009766 0.008594
0 0.274023 0.879297 0.010547 0.009375
10 0.066602 0.267090 0.024609 0.016602
0 0.815723 0.363281 0.007227 0.008203
8 0.047363 0.403418 0.009961 0.021289
8 0.800977 0.328027 0.011719 0.029102
0 0.585547 0.883691 0.008594 0.008789
0 0.766406 0.477441 0.008984 0.008789
0 0.596484 0.098926 0.008594 0.009570
0 0.732617 0.613574 0.010547 0.009180
0 0.459570 0.561133 0.010156 0.009375
0 0.555859 0.597559 0.010156 0.010742
8 0.717773 0.324121 0.011328 0.025977
0 0.426172 0.217969 0.008203 0.007422
10 0.066406 0.190039 0.021484 0.014453
0 0.974219 0.091309 0.010547 0.008789
10 0.528809 0.963770 0.012695 0.011523
0 0.269141 0.503418 0.009375 0.008398
0 0.433398 0.836523 0.007422 0.006250
0 0.214258 0.217383 0.008594 0.007422
0 0.580469 0.613672 0.008984 0.008203
0 0.971289 0.298438 0.010937 0.008984
0 0.250195 0.475879 0.008984 0.008789
0 0.828516 0.453418 0.010156 0.009961
0 0.745898 0.507324 0.008984 0.007617
0 0.827832 0.382715 0.011133 0.009180
0 0.427246 0.175293 0.009180 0.009570
0 0.595313 0.300391 0.008594 0.008594
0 0.213477 0.258496 0.010156 0.009180
0 0.188086 0.375586 0.010547 0.009766
0 0.189062 0.406641 0.009766 0.009375
8 0.974609 0.409668 0.012109 0.033398
0 0.815723 0.400684 0.008008 0.008398
8 0.842383 0.363770 0.028125 0.016211
0 0.456934 0.870313 0.011523 0.010937
0 0.214746 0.173730 0.009570 0.009961
0 0.830273 0.254102 0.010937 0.009766
8 0.134766 0.389941 0.014453 0.016992
8 0.633008 0.322168 0.009375 0.026758
0 0.266504 0.557520 0.010352 0.009180
8 0.911719 0.403613 0.011719 0.036914
0 0.216406 0.014453 0.010156 0.010156
0 0.214355 0.148047 0.010352 0.008984
0 0.807129 0.045117 0.009570 0.010547
0 0.806934 0.301563 0.009180 0.009766
0 0.823926 0.850879 0.011914 0.011914
0 0.280957 0.609570 0.011914 0.009375
0 0.827441 0.561230 0.011914 0.011914
0 0.807813 0.100391 0.009766 0.010156
0 0.199609 0.358008 0.008984 0.010156
0 0.187988 0.438477 0.010352 0.009766
0 0.828125 0.408691 0.010547 0.009961
0 0.974414 0.114648 0.011719 0.009375
0 0.558105 0.248730 0.012305 0.010742
0 0.425391 0.300781 0.008594 0.008984
0 0.747754 0.852930 0.011523 0.011328
0 0.597363 0.041699 0.009961 0.010352
0 0.190527 0.251758 0.012695 0.010547
0 0.200977 0.397559 0.008203 0.008008
0 0.972559 0.319727 0.011133 0.008984
0 0.459766 0.594727 0.011719 0.010937
0 0.750586 0.596875 0.014063 0.011328
11 0.007422 0.297070 0.014453 0.029297
0 0.751563 0.560156 0.012109 0.012109
0 0.737402 0.883496 0.011523 0.009961
0 0.553320 0.871484 0.010937 0.010547
10 0.903906 0.150293 0.014453 0.019336
8 0.883594 0.397266 0.013281 0.031250
0 0.428516 0.016406 0.009375 0.010156
11 0.008984 0.218945 0.017578 0.031250
11 0.009277 0.157129 0.018164 0.027148
10 0.148438 0.028711 0.028125 0.040234
8 0.038867 0.072168 0.016016 0.065820
11 0.119141 0.125684 0.025000 0.016211
0 0.212598 0.302344 0.009961 0.009375
11 0.146094 0.124414 0.029297 0.018750
8 0.094531 0.403027 0.010547 0.020898
11 0.898438 0.455273 0.025781 0.016797
11 0.008398 0.268066 0.016406 0.022852
0 0.186035 0.858496 0.013086 0.012695
11 0.459668 0.185645 0.018945 0.021289
11 0.796973 0.553125 0.024805 0.018750
0 0.265137 0.593066 0.011914 0.009961
11 0.522949 0.565234 0.019336 0.016797
11 0.459961 0.207715 0.019141 0.020508
11 0.459766 0.155957 0.019531 0.025195
11 0.008984 0.189453 0.017578 0.023047
0 0.187500 0.559863 0.012109 0.010742
11 0.492480 0.564063 0.019336 0.017578
11 0.458398 0.234180 0.018750 0.022266
11 0.862207 0.163086 0.021289 0.024609
11 0.166602 0.186230 0.021484 0.022461
11 0.085547 0.439453 0.022266 0.017188
11 0.165918 0.207910 0.021680 0.022852
11 0.793359 0.846875 0.027344 0.020703
11 0.113770 0.438184 0.023633 0.018164
11 0.859863 0.238379 0.021680 0.022070
11 0.164941 0.234375 0.021680 0.024219
11 0.957227 0.456055 0.025391 0.016797
10 0.089746 0.341797 0.016602 0.025391
11 0.235059 0.560449 0.030664 0.019336
11 0.513770 0.875488 0.022070 0.020508
11 0.859961 0.209766 0.023438 0.023047
11 0.164258 0.156250 0.021094 0.026562
11 0.906152 0.109082 0.022461 0.019336
11 0.457227 0.258887 0.018359 0.021289
11 0.162891 0.292090 0.021875 0.026367
11 0.875879 0.107813 0.029102 0.020703
11 0.457520 0.286328 0.019727 0.026172
11 0.932227 0.456738 0.025391 0.016992
11 0.142773 0.436523 0.030859 0.019922
11 0.860938 0.262598 0.023438 0.027930
11 0.164453 0.266602 0.021875 0.022656
10 0.233594 0.913086 0.020703 0.033984
11 0.233398 0.864941 0.031641 0.023242
11 0.483496 0.876172 0.021680 0.019531
0 0.436621 0.504492 0.007227 0.011328
0 0.580078 0.505273 0.012500 0.012891
0 0.427637 0.884082 0.008789 0.011914
0 0.184570 0.976367 0.012891 0.011328
10 0.896191 0.351074 0.021680 0.031445
10 0.956836 0.292773 0.019531 0.027734
8 0.233203 0.327441 0.011328 0.023242
8 0.524512 0.323926 0.012305 0.020117
8 0.391504 0.324121 0.012305 0.022461
18 0.052734 0.580176 0.096484 0.218945
18 0.960449 0.592676 0.079102 0.207227
18 0.040430 0.914453 0.079297 0.159766
18 0.964551 0.907520 0.070898 0.134570
10 0.492969 0.497852 0.016016 0.028906
10 0.524316 0.496289 0.015820 0.027734
0 0.044824 0.324902 0.011914 0.013867
0 0.044043 0.441309 0.010352 0.011133
0 0.046387 0.170215 0.010742 0.011914
0 0.972754 0.455664 0.012305 0.013281
