11 0.997070 0.264258 0.005859 0.019141
0 0.027344 0.949902 0.013281 0.011523
0 0.937305 0.564941 0.007422 0.007227
8 0.498535 0.659961 0.011133 0.034375
17 0.598145 0.408887 0.024023 0.007227
0 0.849805 0.029883 0.009766 0.008984
8 0.629395 0.826270 0.015430 0.061523
15 0.878418 0.023047 0.019727 0.015625
8 0.870215 0.148047 0.008789 0.022656
0 0.568066 0.268848 0.010352 0.007617
0 0.758203 0.464258 0.008594 0.008203
0 0.142285 0.010742 0.008398 0.007812
8 0.130957 0.162402 0.028320 0.039258
0 0.267969 0.902930 0.025391 0.025391
11 0.078223 0.942969 0.015430 0.019141
0 0.428906 0.277832 0.010547 0.007617
0 0.445801 0.060156 0.025195 0.027344
8 0.578418 0.137598 0.015820 0.015430
0 0.437109 0.996289 0.010937 0.007422
0 0.464258 0.675000 0.010156 0.008984
0 0.120313 0.011523 0.008984 0.008203
8 0.873047 0.135059 0.011719 0.039648
0 0.582617 0.301855 0.009766 0.010742
8 0.724121 0.184473 0.019727 0.008398
0 0.549609 0.421289 0.010156 0.009766
8 0.097949 0.208887 0.009961 0.033398
0 0.415234 0.287598 0.007422 0.008008
0 0.592969 0.581250 0.008203 0.008594
8 0.629395 0.650293 0.012305 0.031836
8 0.470996 0.190430 0.008008 0.017188
0 0.731055 0.595801 0.007812 0.007227
17 0.779492 0.928613 0.049219 0.021289
0 0.621973 0.419824 0.008789 0.008789
0 0.568848 0.284668 0.011523 0.009180
8 0.795312 0.138477 0.008594 0.021484
0 0.220898 0.891211 0.011328 0.009766
0 0.748730 0.601172 0.008398 0.007422
0 0.622656 0.492773 0.010156 0.008984
17 0.211719 0.086914 0.030469 0.013281
8 0.779199 0.642090 0.010742 0.031055
0 0.759375 0.590723 0.010547 0.006836
8 0.750781 0.143066 0.008203 0.022852
15 0.061621 0.034082 0.024023 0.015430
0 0.827930 0.659863 0.013672 0.010352
0 0.903906 0.583105 0.021094 0.015820
0 0.603906 0.920508 0.009375 0.010937
0 0.761426 0.219043 0.013086 0.013086
0 0.666016 0.983496 0.012109 0.010742
0 0.271680 0.937891 0.014453 0.014063
8 0.027344 0.203516 0.010156 0.020703
0 0.113574 0.609180 0.017383 0.022266
17 0.148047 0.088965 0.037891 0.015430
0 0.810547 0.187891 0.010547 0.010156
17 0.714941 0.930566 0.049805 0.021289
0 0.199609 0.933301 0.012891 0.011523
11 0.872363 0.660059 0.028711 0.018555
11 0.128125 0.941895 0.025000 0.021680
11 0.155664 0.940234 0.031250 0.023828
11 0.100293 0.942871 0.029102 0.022070
10 0.071973 0.793945 0.021680 0.028125
0 0.252734 0.285840 0.014453 0.015039
0 0.105176 0.340039 0.017383 0.019531
0 0.553711 0.494824 0.009766 0.010352
0 0.262695 0.688281 0.014844 0.014844
0 0.809082 0.885352 0.013867 0.013281
0 0.959180 0.663281 0.019141 0.022656
11 0.904687 0.659570 0.026172 0.017969
0 0.943457 0.266895 0.015430 0.015820
0 0.895215 0.322656 0.018164 0.018359
15 0.021973 0.033984 0.026758 0.014844
0 0.353711 0.634570 0.019531 0.011328
10 0.097461 0.762305 0.022266 0.027344
8 0.527832 0.812012 0.028320 0.057227
8 0.597168 0.826074 0.016211 0.057617
8 0.726172 0.787793 0.028906 0.041602
8 0.790137 0.775000 0.072070 0.039844
8 0.391602 0.665039 0.016406 0.026562
8 0.517871 0.184277 0.011133 0.018164
0 0.448535 0.887793 0.013867 0.009570
0 0.587402 0.881250 0.013477 0.006250
0 0.829199 0.604492 0.014648 0.014453
0 0.678906 0.586816 0.011719 0.008789
0 0.703613 0.585645 0.009961 0.008398
15 0.917090 0.024219 0.022070 0.016406
17 0.887109 0.533398 0.012891 0.021875
4 0.867090 0.224902 0.085742 0.036133
