0 0.463477 0.890723 0.008203 0.008789
8 0.965527 0.909082 0.013477 0.041602
0 0.450781 0.005664 0.018359 0.010937
1 0.450781 0.005566 0.017578 0.010742
0 0.441895 0.924121 0.008398 0.007227
0 0.265332 0.994336 0.019727 0.011328
0 0.447461 0.907813 0.009375 0.011719
0 0.577539 0.904883 0.009375 0.010156
0 0.581152 0.925098 0.009180 0.007227
0 0.777539 0.992676 0.014453 0.012695
0 0.684180 0.859277 0.017969 0.017383
0 0.559570 0.891211 0.010156 0.009766
8 0.044043 0.898535 0.010742 0.023633
0 0.557520 0.859180 0.016211 0.016016
0 0.809961 0.860938 0.018359 0.017969
0 0.950781 0.011719 0.018750 0.017969
0 0.939160 0.578809 0.018164 0.016211
0 0.441309 0.425586 0.018555 0.016797
0 0.431348 0.856543 0.016992 0.016992
0 0.933984 0.863965 0.017578 0.016211
0 0.444336 0.283984 0.019531 0.016406
0 0.435547 0.713086 0.019141 0.016797
0 0.944238 0.294531 0.018555 0.015625
0 0.941504 0.436230 0.018555 0.015820
0 0.447754 0.141309 0.018945 0.016602
0 0.935840 0.720215 0.018164 0.016211
0 0.437891 0.569531 0.017969 0.016406
0 0.946680 0.153516 0.017969 0.016016
35 0.682715 0.287012 0.074414 0.079492
20 0.686523 0.695703 0.422266 0.228906
