0 0.431445 0.379004 0.007422 0.006445
0 0.947461 0.579395 0.007422 0.005664
0 0.807129 0.380371 0.008398 0.007227
0 0.224121 0.379883 0.010352 0.008203
0 0.599121 0.540039 0.009180 0.008594
0 0.222949 0.543652 0.009961 0.008398
0 0.598828 0.486816 0.008984 0.009961
0 0.223340 0.488281 0.009570 0.010156
0 0.933496 0.684082 0.019336 0.017383
11 0.905762 0.586719 0.021289 0.016016
0 0.146777 0.007520 0.018945 0.014648
0 0.517969 0.287500 0.017578 0.017188
0 0.435254 0.967871 0.016602 0.015820
11 0.876074 0.587109 0.025586 0.016797
0 0.933301 0.966797 0.018164 0.016797
0 0.144922 0.288477 0.017578 0.014844
0 0.033789 0.391016 0.016016 0.016016
0 0.435547 0.686426 0.017188 0.016992
0 0.641504 0.286133 0.019336 0.017578
0 0.146582 0.145801 0.018164 0.015430
0 0.560645 0.684570 0.017773 0.016406
0 0.392383 0.285840 0.018359 0.017383
0 0.641211 0.009668 0.018359 0.016992
0 0.580469 0.391113 0.024609 0.023633
0 0.687012 0.683789 0.017773 0.016797
0 0.932324 0.824023 0.018555 0.017188
0 0.436133 0.826465 0.017188 0.016211
0 0.640527 0.148145 0.019336 0.016992
0 0.267969 0.287109 0.017969 0.017578
0 0.579980 0.350879 0.024414 0.023242
0 0.810645 0.683789 0.017773 0.017578
0 0.432617 0.488867 0.008203 0.008594
10 0.130371 0.511133 0.021680 0.030859
0 0.829590 0.587500 0.013867 0.011719
0 0.807227 0.486328 0.008203 0.007812
0 0.807227 0.541016 0.008203 0.007031
0 0.469043 0.597363 0.020508 0.018945
10 0.873535 0.524902 0.021680 0.030273
10 0.904395 0.502734 0.015430 0.027344
20 0.393555 0.127734 0.415625 0.214844
20 0.684277 0.844336 0.417773 0.220312
0 0.021387 0.595801 0.023633 0.025195
