15 0.087793 0.898926 0.016992 0.013086
0 0.061816 0.915430 0.009570 0.007812
0 0.517188 0.092480 0.009375 0.008789
8 0.571191 0.711426 0.011133 0.031055
17 0.937500 0.878320 0.021484 0.014844
0 0.425293 0.096973 0.013477 0.012695
0 0.140723 0.909668 0.008398 0.006445
8 0.584473 0.188867 0.020508 0.008203
8 0.515137 0.727637 0.009961 0.022852
8 0.768066 0.766602 0.011523 0.027344
0 0.563965 0.399121 0.008008 0.009570
15 0.937695 0.878320 0.020703 0.014453
15 0.009766 0.931348 0.019141 0.016992
8 0.771387 0.696191 0.010742 0.018164
0 0.570020 0.577832 0.007617 0.009570
0 0.154004 0.896387 0.009961 0.008789
15 0.974316 0.878027 0.023242 0.015820
0 0.387402 0.066113 0.008789 0.009570
8 0.942383 0.727246 0.008984 0.019727
0 0.562305 0.345215 0.008984 0.009961
0 0.394336 0.271680 0.009766 0.010156
0 0.552246 0.075391 0.008789 0.008984
0 0.174707 0.720410 0.006055 0.007617
8 0.888672 0.720703 0.008984 0.017969
8 0.615527 0.770703 0.009570 0.032422
15 0.127148 0.897461 0.018359 0.013281
0 0.566309 0.469043 0.009180 0.009570
0 0.406934 0.652344 0.008789 0.008594
17 0.852051 0.826465 0.033008 0.013477
0 0.403809 0.102832 0.012695 0.009570
0 0.571191 0.628223 0.008789 0.009180
8 0.639258 0.414551 0.027734 0.009180
0 0.804590 0.733496 0.011914 0.011133
0 0.556348 0.168555 0.009570 0.009766
17 0.790820 0.828027 0.026562 0.010742
8 0.474707 0.231055 0.020508 0.009375
8 0.469238 0.140820 0.029883 0.014844
8 0.098047 0.746387 0.009766 0.025977
0 0.398926 0.414258 0.009961 0.009375
8 0.470313 0.761523 0.010547 0.037500
8 0.687695 0.768359 0.010156 0.031641
8 0.658105 0.705664 0.010742 0.025391
0 0.403320 0.081934 0.012109 0.008789
0 0.558496 0.237598 0.009961 0.010352
8 0.688574 0.706641 0.009961 0.026172
0 0.395117 0.313281 0.009375 0.009766
8 0.513379 0.764551 0.012305 0.040039
0 0.558301 0.863379 0.025586 0.025195
0 0.550391 0.027539 0.008984 0.009766
0 0.538086 0.079297 0.011328 0.008594
0 0.532617 0.545312 0.010156 0.010937
0 0.554785 0.537109 0.012305 0.008594
0 0.556250 0.556055 0.013281 0.008203
0 0.538770 0.702930 0.011133 0.012891
12 0.490137 0.689941 0.011523 0.027539
12 0.487305 0.628320 0.012891 0.028906
0 0.443750 0.705566 0.012891 0.015039
8 0.468750 0.731836 0.010156 0.023438
8 0.072070 0.822949 0.020703 0.013867
8 0.051660 0.755957 0.022461 0.015039
8 0.830762 0.704395 0.013867 0.015039
8 0.983887 0.826660 0.027930 0.021289
8 0.483008 0.324512 0.023828 0.008789
8 0.337695 0.322852 0.017578 0.029297
8 0.597168 0.106055 0.021289 0.017188
8 0.442969 0.162988 0.017188 0.018555
15 0.523242 0.006934 0.021484 0.013477
0 0.038477 0.926562 0.012109 0.010937
